%YAML:1.0
---
cameraMatrix: !!opencv-matrix
   rows: 3
   cols: 3
   dt: d
   data: [ 1.4660066641982660e+01, 0., 5.5323975877327712e+01, 0.,
       6.1009664735573011e+01, 5.9166362351474909e+01, 0., 0., 1. ]
distCoeffs: !!opencv-matrix
   rows: 1
   cols: 5
   dt: d
   data: [ -3.3536035680312225e-04, -5.2555470720490257e-05,
       8.5123851846072968e-04, -2.9622510133604902e-03,
       -1.2532182285948714e-07 ]
