<?xml version="1.0"?>
<opencv_storage>
<R type_id="opencv-matrix">
  <rows>3</rows>
  <cols>3</cols>
  <dt>d</dt>
  <data>
    9.9807430382107754e-01 3.3908888983423688e-02
    -5.1941036762673039e-02 -4.3304949406751170e-02
    9.8042484192730939e-01 -1.9207241001426817e-01
    4.4411320729631838e-02 1.9395184087736900e-01 9.8000526427735557e-01</data></R>
<T type_id="opencv-matrix">
  <rows>3</rows>
  <cols>1</cols>
  <dt>d</dt>
  <data>
    1.4398499450420011e-02 2.8282076453580156e-02
    -2.2632509066811238e-04</data></T>
<E type_id="opencv-matrix">
  <rows>3</rows>
  <cols>3</cols>
  <dt>d</dt>
  <data>
    1.2462433716790560e-03 5.7072555332488310e-03 2.7673113003591873e-02
    -8.6534563442384940e-04 -2.8002899066543754e-03
    -1.4098849699251514e-02 -2.8851140057255076e-02
    1.3157632756983340e-02 -1.2965541172311507e-03</data></E>
<F type_id="opencv-matrix">
  <rows>3</rows>
  <cols>3</cols>
  <dt>d</dt>
  <data>
    7.3283521527392523e-06 3.3615778444947333e-05 1.4578237059983304e-02
    -5.0885188980394643e-06 -1.6493664854227770e-05
    -7.3553012398607448e-03 -1.5764895446103300e-01
    5.5380449056137461e-02 1.</data></F>
</opencv_storage>
